

Object 1 : VXt0001

VXt0001            Prepared 2018 Dec. 30.788 UT  From Väisälä orbit


Date    TT       R. A. (2000) Decl.  Elong.  V         Motion
                                                     "/min   P.A.
2018 12 30.0   07 12 57.3 +23 54 42  171.2  19.4      1.27  227.8
2018 12 31.0   07 11 18.0 +23 34 08  172.6  19.4      1.28  227.9
2019 01 01.0   07 09 38.3 +23 13 25  174.0  19.3      1.29  227.9
2019 01 02.0   07 07 58.3 +22 52 36  175.4  19.3      1.30  227.8
2019 01 03.0   07 06 18.2 +22 31 40  176.8  19.2      1.30  227.8
2019 01 04.0   07 04 38.2 +22 10 39  178.1  19.1      1.30  227.7
2019 01 05.0   07 02 58.5 +21 49 34  179.0  19.1      1.30  227.6

Object 2 : VXt0002

VXt0002            Prepared 2018 Dec. 30.788 UT  From Väisälä orbit


Date    TT       R. A. (2000) Decl.  Elong.  V         Motion
                                                     "/min   P.A.
2018 12 30.0   07 09 03.5 +23 55 37  172.1  21.7      0.56  266.4
2018 12 31.0   07 08 04.5 +23 54 45  173.3  21.6      0.57  266.3
2019 01 01.0   07 07 05.1 +23 53 51  174.5  21.6      0.57  266.2
2019 01 02.0   07 06 05.3 +23 52 56  175.7  21.6      0.57  266.1
2019 01 03.0   07 05 05.2 +23 51 58  176.9  21.5      0.57  265.9
2019 01 04.0   07 04 04.9 +23 50 58  178.0  21.5      0.58  265.8
2019 01 05.0   07 03 04.5 +23 49 56  178.8  21.4      0.58  265.6

Object 3 : VXt0003

VXt0003            Prepared 2018 Dec. 30.788 UT  From Väisälä orbit


Date    TT       R. A. (2000) Decl.  Elong.  V         Motion
                                                     "/min   P.A.
2018 12 30.0   07 06 40.5 +24 09 02  172.6  20.8      0.52  265.9
2018 12 31.0   07 05 45.7 +24 08 07  173.8  20.7      0.52  265.8
2019 01 01.0   07 04 50.6 +24 07 11  175.0  20.7      0.53  265.6
2019 01 02.0   07 03 55.1 +24 06 12  176.2  20.7      0.53  265.5
2019 01 03.0   07 02 59.5 +24 05 11  177.3  20.6      0.53  265.4
2019 01 04.0   07 02 03.7 +24 04 09  178.2  20.6      0.53  265.2
2019 01 05.0   07 01 07.9 +24 03 04  178.6  20.6      0.53  265.1

Object 4 : VXt0004

VXt0004            Prepared 2018 Dec. 30.788 UT  From Väisälä orbit


Date    TT       R. A. (2000) Decl.  Elong.  V         Motion
                                                     "/min   P.A.
2018 12 30.0   07 07 35.5 +23 44 50  172.4  21.1      0.68  293.4
2018 12 31.0   07 06 30.1 +23 51 16  173.7  21.1      0.68  293.1
2019 01 01.0   07 05 24.0 +23 57 40  174.9  21.1      0.69  292.8
2019 01 02.0   07 04 17.2 +24 04 02  176.1  21.0      0.69  292.6
2019 01 03.0   07 03 10.0 +24 10 22  177.2  21.0      0.69  292.3
2019 01 04.0   07 02 02.4 +24 16 39  178.1  20.9      0.69  292.1
2019 01 05.0   07 00 54.6 +24 22 53  178.3  20.9      0.69  291.9
