Object 1 : VXt0001

VXt0001            Prepared 2018 Dec. 30.894 UT  From Väisälä orbit


Date    TT       R. A. (2000) Decl.  Elong.  V         Motion      Object     Sun         Moon
                                                     "/min   P.A.  Azi. Alt.  Alt.  Phase Dist. Alt.
2018 12 30 21    07.1919  +23.610    172.4  19.4      1.29  228.9  290  +51   -56    0.34  099  -37
2018 12 30 23    07.1895  +23.582    172.5  19.4      1.30  228.9  337  +67   -68    0.33  100  -18
2018 12 31 01    07.1871  +23.553    172.7  19.4      1.31  228.6  044  +63   -58    0.33  101  +02
2018 12 31 03    07.1848  +23.524    172.8  19.4      1.31  228.2  079  +44   -38    0.32  102  +20

Object 2 : VXt0002

VXt0002            Prepared 2018 Dec. 30.894 UT  From Väisälä orbit


Date    TT       R. A. (2000) Decl.  Elong.  V         Motion      Object     Sun         Moon
                                                     "/min   P.A.  Azi. Alt.  Alt.  Phase Dist. Alt.
2018 12 30 21    07.1367  +23.914    173.2  21.6      0.58  266.8  291  +52   -56    0.34  100  -37
2018 12 30 23    07.1353  +23.913    173.3  21.6      0.58  266.5  338  +68   -68    0.33  101  -18
2018 12 31 01    07.1339  +23.911    173.4  21.6      0.58  266.1  046  +63   -58    0.33  102  +02
2018 12 31 03    07.1325  +23.910    173.5  21.6      0.58  265.8  081  +44   -38    0.32  103  +20

Object 3 : VXt0003

VXt0003            Prepared 2018 Dec. 30.894 UT  From Väisälä orbit


Date    TT       R. A. (2000) Decl.  Elong.  V         Motion      Object     Sun         Moon
                                                     "/min   P.A.  Azi. Alt.  Alt.  Phase Dist. Alt.
2018 12 30 21    07.0980  +24.137    173.7  20.8      0.54  266.3  291  +53   -56    0.34  101  -37
2018 12 30 23    07.0967  +24.136    173.8  20.7      0.54  266.0  339  +68   -68    0.33  102  -18
2018 12 31 01    07.0954  +24.134    173.9  20.7      0.54  265.6  047  +63   -58    0.33  103  +02
2018 12 31 03    07.0941  +24.133    174.0  20.7      0.53  265.3  081  +43   -38    0.32  104  +20

Object 4 : VXt0004

VXt0004            Prepared 2018 Dec. 30.894 UT  From Väisälä orbit


Date    TT       R. A. (2000) Decl.  Elong.  V         Motion      Object     Sun         Moon
                                                     "/min   P.A.  Azi. Alt.  Alt.  Phase Dist. Alt.
2018 12 30 21    07.1107  +23.840    173.5  21.1      0.70  293.0  291  +52   -56    0.34  101  -37
2018 12 30 23    07.1091  +23.849    173.6  21.1      0.71  292.4  339  +68   -68    0.33  102  -18
2018 12 31 01    07.1075  +23.858    173.7  21.1      0.70  292.0  047  +62   -58    0.33  103  +02
2018 12 31 03    07.1060  +23.867    173.8  21.1      0.69  291.9  081  +43   -38    0.32  104  +20
