Object 1 :      VXt0001
VXt0001            Prepared 2019 Jan.  3.082 UT  From Väisälä orbit
Date    TT       R. A. (2000) Decl.  Elong.  V         Motion      Object     Sun         Moon
                                                     °/day   P.A.  Azi. Alt.  Alt.  Phase Dist. Alt.
2019 01 03 01    07.1038  +22.512    176.8  19.2      0.53  228.5  050  +60   -58    0.09  137  -31
2019 01 03 03    07.1015  +22.483    176.9  19.2      0.53  228.0  082  +40   -38    0.08  138  -11
2019 01 03 05    07.0991  +22.453    177.0  19.2      0.52  227.4  103  +19   -17    0.08  139  +08
2019 01 03 07    07.0968  +22.423    177.2  19.2      0.52  227.0  123  +00   +02    0.07  140  +21

Object 2 :      VXt0002
VXt0002            Prepared 2019 Jan.  3.082 UT  From Väisälä orbit
Date    TT       R. A. (2000) Decl.  Elong.  V         Motion      Object     Sun         Moon
                                                     °/day   P.A.  Azi. Alt.  Alt.  Phase Dist. Alt.
2019 01 03 01    07.0840  +23.865    177.0  21.5      0.24  265.7  052  +61   -58    0.09  138  -31
2019 01 03 03    07.0826  +23.863    177.1  21.5      0.23  265.4  083  +41   -38    0.08  138  -11
2019 01 03 05    07.0812  +23.862    177.2  21.5      0.23  265.2  104  +20   -17    0.08  139  +08
2019 01 03 07    07.0798  +23.860    177.3  21.5      0.23  265.2  124  +01   +02    0.07  140  +21

Object 3 :      VXt0003
VXt0003            Prepared 2019 Jan.  3.082 UT  From Väisälä orbit
Date    TT       R. A. (2000) Decl.  Elong.  V         Motion      Object     Sun         Moon
                                                     °/day   P.A.  Azi. Alt.  Alt.  Phase Dist. Alt.
2019 01 03 01    07.0492  +24.085    177.3  20.6      0.22  265.2  053  +61   -58    0.09  138  -31
2019 01 03 03    07.0479  +24.084    177.4  20.6      0.22  264.9  084  +41   -38    0.08  139  -11
2019 01 03 05    07.0466  +24.082    177.5  20.6      0.21  264.7  105  +20   -17    0.08  140  +08
2019 01 03 07    07.0453  +24.080    177.6  20.6      0.21  264.7  125  +01   +02    0.07  141  +21

Object  4 :      VXt0004
VXt0004            Prepared 2019 Jan.  3.082 UT  From Väisälä orbit
Date    TT       R. A. (2000) Decl.  Elong.  V         Motion      Object     Sun         Moon
                                                     °/day   P.A.  Azi. Alt.  Alt.  Phase Dist. Alt.
2019 01 03 01    07.0519  +24.176    177.3  21.0      0.29  291.2  053  +61   -58    0.09  138  -31
2019 01 03 03    07.0503  +24.185    177.3  21.0      0.28  291.1  084  +41   -38    0.08  139  -11
2019 01 03 05    07.0487  +24.193    177.4  21.0      0.28  291.3  105  +20   -17    0.08  140  +08
2019 01 03 07    07.0472  +24.202    177.5  20.9      0.27  291.8  125  +01   +02    0.07  141  +21